<?xml version="1.0" encoding="ISO-8859-1"?>
<!-- XML generated by UTFXML Version 2.2 built 19-Aug-2010 -->
<UTFXML filename="li_elite.cmp" path="SHIPS\LIBERTY\LI_ELITE">
   <UTF_ROOT>
      <VMeshLibrary>
         <data.ships.liberty.li_elite.li_elite.lod0-112.vms include="li_elite_cmp\lod0-112.vms.xml"/>
         <data.ships.liberty.li_elite.li_elite.lod1-112.vms include="li_elite_cmp\lod1-112.vms.xml"/>
         <data.ships.liberty.li_elite.li_elite.lod2-112.vms include="li_elite_cmp\lod2-112.vms.xml"/>
      </VMeshLibrary>
      <Animation include="li_elite_cmp\Animation.xml"/>
      <baydoor01_lod1021202161040.3db>
         <VMeshWire include="li_elite_cmp\baydoor01_lod1.vwd.xml"/>
         <MultiLevel>
            <Level0>
               <VMeshPart>
                  <VMeshRef type="VMeshRef">
                     <!-- header size  --> 60,
                     <!-- vmesh lib    --> data.ships.liberty.li_elite.li_elite.lod0-112.vms,
                     <!-- start vert   --> 2568,
                     <!-- num verts    --> 6,
                     <!-- start index  --> 3915,
                     <!-- num indices  --> 6,
                     <!-- start mesh   --> 18,
                     <!-- num meshes   --> 1,
                     <!-- bounding box --> 0.66787362,     0.0018053695,    1.6677186,
                                           0.0012732821,  -0.0018048777,   -1.6677182,
                     <!-- center       --> 0.3405287,    422.6564e-9,    -161.51504e-6,
                     <!-- radius       --> 1.7017175
                  </VMeshRef>
               </VMeshPart>
            </Level0>
            <Level1>
               <VMeshPart>
                  <VMeshRef type="VMeshRef">
                     <!-- header size  --> 60,
                     <!-- vmesh lib    --> data.ships.liberty.li_elite.li_elite.lod1-112.vms,
                     <!-- start vert   --> 1410,
                     <!-- num verts    --> 6,
                     <!-- start index  --> 2343,
                     <!-- num indices  --> 6,
                     <!-- start mesh   --> 15,
                     <!-- num meshes   --> 1,
                     <!-- bounding box --> 0.66787362,     0.0018053695,    1.6677186,
                                           0.0012732821,  -0.0018048777,   -1.6677182,
                     <!-- center       --> 0.3405287,    422.6564e-9,    -161.51504e-6,
                     <!-- radius       --> 1.7017175
                  </VMeshRef>
               </VMeshPart>
            </Level1>
            <Switch2 type="float array" count="3">
               0,
               100,
               1000000
            </Switch2>
         </MultiLevel>
      </baydoor01_lod1021202161040.3db>
      <baydoor02_lod1021202161040.3db>
         <VMeshWire include="li_elite_cmp\baydoor02_lod1.vwd.xml"/>
         <MultiLevel>
            <Level0>
               <VMeshPart>
                  <VMeshRef type="VMeshRef">
                     <!-- header size  --> 60,
                     <!-- vmesh lib    --> data.ships.liberty.li_elite.li_elite.lod0-112.vms,
                     <!-- start vert   --> 2226,
                     <!-- num verts    --> 6,
                     <!-- start index  --> 3288,
                     <!-- num indices  --> 6,
                     <!-- start mesh   --> 14,
                     <!-- num meshes   --> 1,
                     <!-- bounding box --> -755.97339e-6,   0.0018052175,   1.6677185,
                                             -0.66735631,  -0.001804831,   -1.6677183,
                     <!-- center       -->   -0.33415011, 213.56861e-9,   -18.634957e-6,
                     <!-- radius       --> 1.700699
                  </VMeshRef>
               </VMeshPart>
            </Level0>
            <Level1>
               <VMeshPart>
                  <VMeshRef type="VMeshRef">
                     <!-- header size  --> 60,
                     <!-- vmesh lib    --> data.ships.liberty.li_elite.li_elite.lod1-112.vms,
                     <!-- start vert   --> 1183,
                     <!-- num verts    --> 6,
                     <!-- start index  --> 1920,
                     <!-- num indices  --> 6,
                     <!-- start mesh   --> 11,
                     <!-- num meshes   --> 1,
                     <!-- bounding box --> -755.97339e-6,   0.0018052175,   1.6677185,
                                             -0.66735631,  -0.001804831,   -1.6677183,
                     <!-- center       -->   -0.33415011, 213.56861e-9,   -18.634957e-6,
                     <!-- radius       --> 1.700699
                  </VMeshRef>
               </VMeshPart>
            </Level1>
            <Switch2 type="float array" count="3">
               0,
               100,
               1000000
            </Switch2>
         </MultiLevel>
      </baydoor02_lod1021202161040.3db>
      <Cmpnd>
         <Cons>
            <Fix type="Fix" count="6">
               <part>
                  <!-- parent      --> "Root",
                  <!-- child       --> "Li_Engine02_lod1",
                  <!-- position    --> 0.001955664, -1.5868733, 7.2217412,
                  <!-- orientation -->   1.0000000000,  959.82153e-24, -4.0895809e-21,
                                       -959.82133e-24,   1.0000000000,  59.604588e-09,
                                        4.0895809e-21, -59.604588e-09,   1.0000000000
               </part>
               <part>
                  <!-- parent      --> "Root",
                  <!-- child       --> "Li_Spoiler_lod1",
                  <!-- position    --> 48.820079e-6, 1.6779987, 7.2853141,
                  <!-- orientation -->   1.0000000000,  3.3317373e-21,  7.1054231e-15,
                                       -3.7552538e-21,   1.0000000000,  59.604673e-09,
                                       -7.1054231e-15, -59.604673e-09,   1.0000000000
               </part>
               <part>
                  <!-- parent      --> "Root",
                  <!-- child       --> "Li_Engine01_lod1",
                  <!-- position    --> -712.84529e-9, 0.36799759, 8.1543159,
                  <!-- orientation -->   1.0000000000,  3.3317373e-21,  7.1054231e-15,
                                       -3.7552538e-21,   1.0000000000,  59.604673e-09,
                                       -7.1054231e-15, -59.604673e-09,   1.0000000000
               </part>
               <part>
                  <!-- parent      --> "Root",
                  <!-- child       --> "Li_glass_lod1",
                  <!-- position    --> 48.819958e-6, -476.83713e-9, -1.339324e-9,
                  <!-- orientation -->   1.0000000000,  3.3317373e-21,  7.1054231e-15,
                                       -3.7552538e-21,   1.0000000000,  59.604673e-09,
                                       -7.1054231e-15, -59.604673e-09,   1.0000000000
               </part>
               <part>
                  <!-- parent      --> "Root",
                  <!-- child       --> "Li_port_wing_lod1",
                  <!-- position    --> -1.662, -0.82299972, 314.79614e-6,
                  <!-- orientation -->   0.8530978000,  -0.3838620500,  -0.3533752300,
                                         0.3548651600,   0.9233902700,  -0.1463594400,
                                         0.3824850900, -541.63858e-06,   0.9239615200
               </part>
               <part>
                  <!-- parent      --> "Root",
                  <!-- child       --> "Li_star_wing_lod1",
                  <!-- position    --> 1.746, -0.82299954, 314.78298e-6,
                  <!-- orientation -->   0.8535502000,   0.3826851200,   0.3535593200,
                                        -0.3535562800,   0.9238788500,  -0.1464440800,
                                        -0.3826879600, -5.7395341e-06,   0.9238776600
               </part>
            </Fix>
            <Rev type="Rev" count="2">
               <part>
                  <!-- parent      --> "Root",
                  <!-- child       --> "baydoor02_lod1",
                  <!-- position    --> 0.67692751, 1.7349529, 1.9699554,
                  <!-- offset      --> 0, 0, 0,
                  <!-- orientation -->   1.0000000000,  423.51647e-24, -3.4146016e-21,
                                       -423.51647e-24,   1.0000000000, -1.2705494e-21,
                                        3.4146016e-21,  1.2705494e-21,   1.0000000000,
                  <!-- axis        -->  3.4146020e-21,  1.2705495e-21,  -1.0000000000,
                  <!-- min, max    --> 0, 1.91986
               </part>
               <part>
                  <!-- parent      --> "Root",
                  <!-- child       --> "baydoor01_lod1",
                  <!-- position    --> -0.6583029, 1.7349528, 1.9699548,
                  <!-- offset      --> 0, 0, 0,
                  <!-- orientation -->   1.0000000000,  423.51647e-24, -3.4146016e-21,
                                       -423.51647e-24,   1.0000000000, -1.2705494e-21,
                                        3.4146016e-21,  1.2705494e-21,   1.0000000000,
                  <!-- axis        --> -3.4146016e-21, -1.2705494e-21,   1.0000000000,
                  <!-- min, max    --> 0, 2.0071199
               </part>
            </Rev>
         </Cons>
         <Part_baydoor01_lod1>
            <File_name name="File name" type="text">baydoor01_lod1021202161040.3db</File_name>
            <Index type="int">5</Index>
            <Object_name name="Object name" type="text">baydoor01_lod1</Object_name>
         </Part_baydoor01_lod1>
         <Part_baydoor02_lod1>
            <File_name name="File name" type="text">baydoor02_lod1021202161040.3db</File_name>
            <Index type="int">4</Index>
            <Object_name name="Object name" type="text">baydoor02_lod1</Object_name>
         </Part_baydoor02_lod1>
         <Part_Li_Engine01_lod1>
            <File_name name="File name" type="text">Li_Engine01_lod1021202161040.3db</File_name>
            <Index type="int">3</Index>
            <Object_name name="Object name" type="text">Li_Engine01_lod1</Object_name>
         </Part_Li_Engine01_lod1>
         <Part_Li_Engine02_lod1>
            <File_name name="File name" type="text">Li_Engine02_lod1021202161040.3db</File_name>
            <Index type="int">1</Index>
            <Object_name name="Object name" type="text">Li_Engine02_lod1</Object_name>
         </Part_Li_Engine02_lod1>
         <Part_Li_glass_lod1>
            <File_name name="File name" type="text">Li_glass_lod1021202161040.3db</File_name>
            <Index type="int">6</Index>
            <Object_name name="Object name" type="text">Li_glass_lod1</Object_name>
         </Part_Li_glass_lod1>
         <Part_Li_port_wing_lod1>
            <File_name name="File name" type="text">Li_port_wing_lod1021202161040.3db</File_name>
            <Index type="int">7</Index>
            <Object_name name="Object name" type="text">Li_port_wing_lod1</Object_name>
         </Part_Li_port_wing_lod1>
         <Part_Li_Spoiler_lod1>
            <File_name name="File name" type="text">Li_Spoiler_lod1021202161040.3db</File_name>
            <Index type="int">2</Index>
            <Object_name name="Object name" type="text">Li_Spoiler_lod1</Object_name>
         </Part_Li_Spoiler_lod1>
         <Part_Li_star_wing_lod1>
            <File_name name="File name" type="text">Li_star_wing_lod1021202161040.3db</File_name>
            <Index type="int">8</Index>
            <Object_name name="Object name" type="text">Li_star_wing_lod1</Object_name>
         </Part_Li_star_wing_lod1>
         <Root>
            <File_name name="File name" type="text">Li_elite_lod1021202161040.3db</File_name>
            <Index type="int">0</Index>
            <Object_name name="Object name" type="text">Root</Object_name>
         </Root>
      </Cmpnd>
      <Exporter_Version name="Exporter Version" type="text">Nov  5 2002 11:41:55</Exporter_Version>
      <Li_elite_lod1021202161040.3db>
         <Hardpoints>
            <Fixed>
               <DpEngine01>
                  <Orientation type="Matrix">
                       1.0000000000, -22.351751e-09,  107.79035e-09,
                      22.351744e-09,   1.0000000000,  59.604673e-09,
                     -107.79035e-09, -59.604673e-09,   1.0000000000
                  </Orientation>
                  <Position type="Vector">726.99558e-6, 0.28400785, 7.7394342</Position>
               </DpEngine01>
               <DpEngine02>
                  <Orientation type="Matrix">
                       1.0000000000, -22.351751e-09,  107.79035e-09,
                      22.351744e-09,   1.0000000000,  59.604673e-09,
                     -107.79035e-09, -59.604673e-09,   1.0000000000
                  </Orientation>
                  <Position type="Vector">726.86881e-6, -1.6259828, 6.1637249</Position>
               </DpEngine02>
               <DpPortwing>
                  <Orientation type="Matrix">
                      71.595707e-09,  -0.3987489600,  -0.9170601400,
                     -79.006817e-09,   0.9170601400,  -0.3987489600,
                       1.0000000000,  101.00272e-09,  34.153679e-09
                  </Orientation>
                  <Position type="Vector">-2.5252621, -1.3759357, 3.5655456</Position>
               </DpPortwing>
               <DpSpoiler>
                  <Orientation type="Matrix">
                       1.0000000000,  21.359646e-09,  151.50177e-09,
                     -151.50177e-09,  104.74679e-09,   1.0000000000,
                      21.359631e-09,  -1.0000000000,  104.74679e-09
                  </Orientation>
                  <Position type="Vector">727.01479e-6, 1.891524, 7.3065891</Position>
               </DpSpoiler>
               <DpStarboardwing>
                  <Orientation type="Matrix">
                     -208.07144e-09,   0.3987493200,   0.9170599600,
                      175.83282e-09,   0.9170599600,  -0.3987493200,
                      -1.0000000000,  78.280898e-09, -260.92721e-09
                  </Orientation>
                  <Position type="Vector">2.530103, -1.3759357, 3.5655456</Position>
               </DpStarboardwing>
               <HpBayDoor01>
                  <Orientation type="Matrix">
                       1.0000000000,  423.51647e-24, -3.4146016e-21,
                     -423.51647e-24,   1.0000000000, -1.2705494e-21,
                      3.4146016e-21,  1.2705494e-21,   1.0000000000
                  </Orientation>
                  <Position type="Vector">0.0061683999, 1.7410384, 1.8631465</Position>
               </HpBayDoor01>
               <HpBayDoor02>
                  <Orientation type="Matrix">
                       1.0000000000,  423.51647e-24, -3.4146016e-21,
                     -423.51647e-24,   1.0000000000, -1.2705494e-21,
                      3.4146016e-21,  1.2705494e-21,   1.0000000000
                  </Orientation>
                  <Position type="Vector">0.0061683999, 3.3219595, 1.8631469</Position>
               </HpBayDoor02>
               <HpCloak01>
                  <Orientation type="Matrix">
                      -1.0000000000, -87.422777e-09, -10.658139e-15,
                      19.342329e-15, -343.16537e-09,   1.0000000000,
                     -87.422777e-09,   1.0000000000,  343.16537e-09
                  </Orientation>
                  <Position type="Vector">0.041999888, -389.88907e-9, 1.3082504</Position>
               </HpCloak01>
               <HpCockpit>
                  <Orientation type="Matrix">
                       1.0000000000, -129.80944e-18, -4.0895809e-21,
                      129.80944e-18,   1.0000000000,  59.604616e-09,
                      4.0818439e-21, -59.604616e-09,   1.0000000000
                  </Orientation>
                  <Position type="Vector">48.879825e-6, 159.60697e-9, -5.5000014</Position>
               </HpCockpit>
               <HpCockpitEx>
                  <Orientation type="Matrix">
                       1.0000000000, -129.80944e-18, -4.0895809e-21,
                      129.80944e-18,   1.0000000000,  59.604616e-09,
                      4.0818439e-21, -59.604616e-09,   1.0000000000
                  </Orientation>
                  <Position type="Vector">47.130074e-6, 6.9999886, 34.5</Position>
               </HpCockpitEx>
               <HpHeadlight>
                  <Orientation type="Matrix">
                       1.0000000000,  1.6993031e-15,  7.1054231e-15,
                     -1.6993035e-15,   1.0000000000,  59.604645e-09,
                     -7.1054231e-15, -59.604645e-09,   1.0000000000
                  </Orientation>
                  <Position type="Vector">49.168735e-6, -0.47496101, -6.5462866</Position>
               </HpHeadlight>
               <HpMount>
                  <Orientation type="Matrix">
                       1.0000000000, -43.711381e-09, -43.711392e-09,
                      43.711378e-09,   1.0000000000, -59.604645e-09,
                      43.711395e-09,  59.604641e-09,   1.0000000000
                  </Orientation>
                  <Position type="Vector">48.744751e-6, -4.5612884, 1.7124892</Position>
               </HpMount>
               <HpPilot>
                  <Orientation type="Matrix">
                       1.0000000000,  1.6639097e-15,  7.1054231e-15,
                     -1.6639101e-15,   1.0000000000,  59.604673e-09,
                     -7.1054231e-15, -59.604673e-09,   1.0000000000
                  </Orientation>
                  <Position type="Vector">49.019283e-6, -0.22524309, -4.1549859</Position>
               </HpPilot>
               <HpRadar01>
                  <Orientation type="Matrix">
                       1.0000000000,  473.65320e-18, -4.0895809e-21,
                     -473.65320e-18,   1.0000000000,  59.604645e-09,
                      4.1178129e-21, -59.604645e-09,   1.0000000000
                  </Orientation>
                  <Position type="Vector">48.528815e-6, 1.2796861, -0.59005255</Position>
               </HpRadar01>
               <HpRunningLight01>
                  <Orientation type="Matrix">
                       1.0000000000, -16.727626e-09,  3.3273362e-09,
                      16.727627e-09,   0.9238795000,  -0.3826834900,
                      3.3273284e-09,   0.3826834900,   0.9238795000
                  </Orientation>
                  <Position type="Vector">0.76769108, 1.7506907, -2.0913219</Position>
               </HpRunningLight01>
               <HpRunningLight02>
                  <Orientation type="Matrix">
                       1.0000000000, -16.727626e-09,  3.3273362e-09,
                      16.727627e-09,   0.9238795000,  -0.3826834900,
                      3.3273284e-09,   0.3826834900,   0.9238795000
                  </Orientation>
                  <Position type="Vector">-0.77236521, 1.7506907, -2.0913217</Position>
               </HpRunningLight02>
               <HpShield01>
                  <Orientation type="Matrix">
                       1.0000000000,  1.3026986e-15, -4.0895809e-21,
                     -1.3026986e-15,   1.0000000000,  59.604645e-09,
                      4.1672277e-21, -59.604645e-09,   1.0000000000
                  </Orientation>
                  <Position type="Vector">0.0050644758, 2.3088059, 4.6918807</Position>
               </HpShield01>
               <HpTractor_Source>
                  <Orientation type="Matrix">
                       1.0000000000,  1.6993031e-15,  7.1054231e-15,
                     -1.6993035e-15,   1.0000000000,  59.604645e-09,
                     -7.1054231e-15, -59.604645e-09,   1.0000000000
                  </Orientation>
                  <Position type="Vector">49.168735e-6, -0.47496101, -6.5462866</Position>
               </HpTractor_Source>
            </Fixed>
            <Revolute>
               <HpTorpedo01>
                  <Axis type="Vector">0, 1, 0</Axis>
                  <Max type="float">0.78538001</Max>
                  <Min type="float">-0.7854</Min>
                  <Orientation type="Matrix">
                      -1.0000000000, -87.422755e-09, -174.84564e-09,
                      87.422833e-09,  -1.0000000000, -466.61060e-09,
                     -174.84560e-09, -466.61063e-09,   1.0000000000
                  </Orientation>
                  <Position type="Vector">177.72506e-6, -1.1167359, -4.1632576</Position>
               </HpTorpedo01>
               <HpWeapon01>
                  <Axis type="Vector">0, 1, 0</Axis>
                  <Max type="float">0.78538001</Max>
                  <Min type="float">-0.7854</Min>
                  <Orientation type="Matrix">
                      -0.3826836000,   0.9238794400,  74.485705e-09,
                      -0.9238794400,  -0.3826836000, -369.85008e-09,
                     -313.19243e-09, -210.35137e-09,   1.0000000000
                  </Orientation>
                  <Position type="Vector">0.93196499, -0.42616421, -3.3511112</Position>
               </HpWeapon01>
               <HpWeapon02>
                  <Axis type="Vector">0, 1, 0</Axis>
                  <Max type="float">0.78538001</Max>
                  <Min type="float">-0.7854</Min>
                  <Orientation type="Matrix">
                      -0.3826825900,  -0.9238798600, -196.78359e-09,
                       0.9238798600,  -0.3826825900, -187.60706e-09,
                      98.020728e-09, -253.59836e-09,   1.0000000000
                  </Orientation>
                  <Position type="Vector">-0.92622024, -0.43659952, -3.3511117</Position>
               </HpWeapon02>
               <HpWeapon05>
                  <Axis type="Vector">0, 1, 0</Axis>
                  <Max type="float">0.78538001</Max>
                  <Min type="float">-0.7854</Min>
                  <Orientation type="Matrix">
                       1.0000000000,  238.41858e-09, -174.84567e-09,
                     -238.41866e-09,   1.0000000000, -466.61060e-09,
                      174.84555e-09,  466.61063e-09,   1.0000000000
                  </Orientation>
                  <Position type="Vector">-49.523074e-6, 1.4298908, -3.376771</Position>
               </HpWeapon05>
            </Revolute>
         </Hardpoints>
         <VMeshWire include="li_elite_cmp\Li_elite_lod1.vwd.xml"/>
         <MultiLevel>
            <Level0>
               <VMeshPart>
                  <VMeshRef type="VMeshRef">
                     <!-- header size  --> 60,
                     <!-- vmesh lib    --> data.ships.liberty.li_elite.li_elite.lod0-112.vms,
                     <!-- start vert   --> 0,
                     <!-- num verts    --> 1680,
                     <!-- start index  --> 0,
                     <!-- num indices  --> 2592,
                     <!-- start mesh   --> 0,
                     <!-- num meshes   --> 6,
                     <!-- bounding box -->  2.848242,      2.3111863,   8.3669348,
                                           -2.8157184,    -1.9121531,  -6.3158879,
                     <!-- center       -->  0.0098430673,  0.22237246,  1.1134086,
                     <!-- radius       --> 7.4597697
                  </VMeshRef>
               </VMeshPart>
            </Level0>
            <Level1>
               <VMeshPart>
                  <VMeshRef type="VMeshRef">
                     <!-- header size  --> 60,
                     <!-- vmesh lib    --> data.ships.liberty.li_elite.li_elite.lod1-112.vms,
                     <!-- start vert   --> 0,
                     <!-- num verts    --> 779,
                     <!-- start index  --> 0,
                     <!-- num indices  --> 1422,
                     <!-- start mesh   --> 0,
                     <!-- num meshes   --> 1,
                     <!-- bounding box -->  2.848242,      2.3111863,   8.3669348,
                                           -2.8157184,    -1.9121531,  -6.3158879,
                     <!-- center       -->  0.0098430673,  0.22237246,  1.1134086,
                     <!-- radius       --> 7.4597697
                  </VMeshRef>
               </VMeshPart>
            </Level1>
            <Level2>
               <VMeshPart>
                  <VMeshRef type="VMeshRef">
                     <!-- header size  --> 60,
                     <!-- vmesh lib    --> data.ships.liberty.li_elite.li_elite.lod2-112.vms,
                     <!-- start vert   --> 0,
                     <!-- num verts    --> 222,
                     <!-- start index  --> 0,
                     <!-- num indices  --> 423,
                     <!-- start mesh   --> 0,
                     <!-- num meshes   --> 1,
                     <!-- bounding box -->  2.848242,      2.3111863,   8.3669348,
                                           -2.8157184,    -1.9121531,  -6.3158879,
                     <!-- center       -->  0.0098430673,  0.22237246,  1.1134086,
                     <!-- radius       --> 7.4597697
                  </VMeshRef>
               </VMeshPart>
            </Level2>
            <Switch2 type="float array" count="4">
               0,
               100,
               1000,
               1000000
            </Switch2>
         </MultiLevel>
      </Li_elite_lod1021202161040.3db>
      <Li_Engine01_lod1021202161040.3db>
         <Hardpoints>
            <Fixed>
               <HpEngine01>
                  <Orientation type="Matrix">
                       1.0000000000,  1.3026986e-15, -4.0895809e-21,
                     -1.3026986e-15,   1.0000000000, -28.421713e-15,
                      4.0895809e-21,  28.421713e-15,   1.0000000000
                  </Orientation>
                  <Position type="Vector">-412.75562e-6, -0.053051524, -0.0047329767</Position>
               </HpEngine01>
               <HpEngineGlow>
                  <Orientation type="Matrix">
                       1.0000000000,  1.3026986e-15, -4.0895809e-21,
                     -1.3026986e-15,   1.0000000000, -28.421713e-15,
                      4.0895809e-21,  28.421713e-15,   1.0000000000
                  </Orientation>
                  <Position type="Vector">-412.75591e-6, -1.1784873, 3.0241954</Position>
               </HpEngineGlow>
            </Fixed>
         </Hardpoints>
         <VMeshWire include="li_elite_cmp\Li_Engine01_lod1.vwd.xml"/>
         <MultiLevel>
            <Level0>
               <VMeshPart>
                  <VMeshRef type="VMeshRef">
                     <!-- header size  --> 60,
                     <!-- vmesh lib    --> data.ships.liberty.li_elite.li_elite.lod0-112.vms,
                     <!-- start vert   --> 1803,
                     <!-- num verts    --> 120,
                     <!-- start index  --> 2790,
                     <!-- num indices  --> 120,
                     <!-- start mesh   --> 8,
                     <!-- num meshes   --> 2,
                     <!-- bounding box -->  1.1781178,    1.163223,     0.41732183,
                                           -1.1589744,   -1.1623936,   -0.41821361,
                     <!-- center       --> -0.044615813,  0.090193734, -0.017017836,
                     <!-- radius       --> 1.3811922
                  </VMeshRef>
               </VMeshPart>
            </Level0>
            <Level1>
               <VMeshPart>
                  <VMeshRef type="VMeshRef">
                     <!-- header size  --> 60,
                     <!-- vmesh lib    --> data.ships.liberty.li_elite.li_elite.lod1-112.vms,
                     <!-- start vert   --> 861,
                     <!-- num verts    --> 120,
                     <!-- start index  --> 1548,
                     <!-- num indices  --> 120,
                     <!-- start mesh   --> 4,
                     <!-- num meshes   --> 2,
                     <!-- bounding box -->  1.1781178,    1.163223,     0.41732183,
                                           -1.1589744,   -1.1623936,   -0.41821361,
                     <!-- center       --> -0.044615813,  0.090193734, -0.017017836,
                     <!-- radius       --> 1.3811922
                  </VMeshRef>
               </VMeshPart>
            </Level1>
            <Level2>
               <VMeshPart>
                  <VMeshRef type="VMeshRef">
                     <!-- header size  --> 60,
                     <!-- vmesh lib    --> data.ships.liberty.li_elite.li_elite.lod2-112.vms,
                     <!-- start vert   --> 239,
                     <!-- num verts    --> 23,
                     <!-- start index  --> 456,
                     <!-- num indices  --> 54,
                     <!-- start mesh   --> 2,
                     <!-- num meshes   --> 1,
                     <!-- bounding box -->  1.1781178,    1.163223,     0.41732183,
                                           -1.1589744,   -1.1623936,   -0.41821361,
                     <!-- center       --> -0.044615813,  0.090193734, -0.017017836,
                     <!-- radius       --> 1.3811922
                  </VMeshRef>
               </VMeshPart>
            </Level2>
            <Switch2 type="float array" count="4">
               0,
               100,
               1000,
               1000000
            </Switch2>
         </MultiLevel>
      </Li_Engine01_lod1021202161040.3db>
      <Li_Engine02_lod1021202161040.3db>
         <Hardpoints>
            <Fixed>
               <HpEngine02>
                  <Orientation type="Matrix">
                       1.0000000000,  473.65913e-18, -7.1054316e-15,
                     -473.65913e-18,   1.0000000000,  56.843415e-15,
                      7.1054316e-15, -56.843415e-15,   1.0000000000
                  </Orientation>
                  <Position type="Vector">-462.32541e-6, -0.039226376, 0.0027359833</Position>
               </HpEngine02>
               <HpThruster01>
                  <Orientation type="Matrix">
                      -1.0000000000, -128.64410e-09,  107.79043e-09,
                      128.64410e-09,  -1.0000000000,  28.421706e-15,
                      107.79043e-09,  42.288310e-15,   1.0000000000
                  </Orientation>
                  <Position type="Vector">-0.0012287208, -0.77828622, -0.47927371</Position>
               </HpThruster01>
            </Fixed>
         </Hardpoints>
         <VMeshWire include="li_elite_cmp\Li_Engine02_lod1.vwd.xml"/>
         <MultiLevel>
            <Level0>
               <VMeshPart>
                  <VMeshRef type="VMeshRef">
                     <!-- header size  --> 60,
                     <!-- vmesh lib    --> data.ships.liberty.li_elite.li_elite.lod0-112.vms,
                     <!-- start vert   --> 2046,
                     <!-- num verts    --> 180,
                     <!-- start index  --> 3108,
                     <!-- num indices  --> 180,
                     <!-- start mesh   --> 12,
                     <!-- num meshes   --> 2,
                     <!-- bounding box -->  0.77788877,   0.7804085,    0.28084701,
                                           -0.77777338,  -0.78040791,  -2.0906551,
                     <!-- center       -->  0.029474894,  0.060553536, -0.93442553,
                     <!-- radius       --> 1.4303571
                  </VMeshRef>
               </VMeshPart>
            </Level0>
            <Level1>
               <VMeshPart>
                  <VMeshRef type="VMeshRef">
                     <!-- header size  --> 60,
                     <!-- vmesh lib    --> data.ships.liberty.li_elite.li_elite.lod1-112.vms,
                     <!-- start vert   --> 1057,
                     <!-- num verts    --> 126,
                     <!-- start index  --> 1794,
                     <!-- num indices  --> 126,
                     <!-- start mesh   --> 9,
                     <!-- num meshes   --> 2,
                     <!-- bounding box -->  0.77788877,   0.7804085,    0.28084701,
                                           -0.77777338,  -0.78040791,  -2.0906551,
                     <!-- center       -->  0.029474894,  0.060553536, -0.93442553,
                     <!-- radius       --> 1.4303571
                  </VMeshRef>
               </VMeshPart>
            </Level1>
            <Level2>
               <VMeshPart>
                  <VMeshRef type="VMeshRef">
                     <!-- header size  --> 60,
                     <!-- vmesh lib    --> data.ships.liberty.li_elite.li_elite.lod2-112.vms,
                     <!-- start vert   --> 279,
                     <!-- num verts    --> 90,
                     <!-- start index  --> 543,
                     <!-- num indices  --> 90,
                     <!-- start mesh   --> 4,
                     <!-- num meshes   --> 2,
                     <!-- bounding box -->  0.77788877,   0.7804085,    0.28084701,
                                           -0.77777338,  -0.78040791,  -2.0906551,
                     <!-- center       -->  0.029474894,  0.060553536, -0.93442553,
                     <!-- radius       --> 1.4303571
                  </VMeshRef>
               </VMeshPart>
            </Level2>
            <Switch2 type="float array" count="4">
               0,
               100,
               1000,
               1000000
            </Switch2>
         </MultiLevel>
      </Li_Engine02_lod1021202161040.3db>
      <Li_glass_lod1021202161040.3db>
         <VMeshWire include="li_elite_cmp\Li_glass_lod1.vwd.xml"/>
         <MultiLevel>
            <Level0>
               <VMeshPart>
                  <VMeshRef type="VMeshRef">
                     <!-- header size  --> 60,
                     <!-- vmesh lib    --> data.ships.liberty.li_elite.li_elite.lod0-112.vms,
                     <!-- start vert   --> 2404,
                     <!-- num verts    --> 164,
                     <!-- start index  --> 3600,
                     <!-- num indices  --> 315,
                     <!-- start mesh   --> 17,
                     <!-- num meshes   --> 1,
                     <!-- bounding box -->  0.98413855,   0.99065536, -3.1741102,
                                           -0.98344249,  -0.73204899, -6.4769549,
                     <!-- center       -->  0.057812054,  0.20163544, -4.6912565,
                     <!-- radius       --> 1.8876393
                  </VMeshRef>
               </VMeshPart>
            </Level0>
            <Level1>
               <VMeshPart>
                  <VMeshRef type="VMeshRef">
                     <!-- header size  --> 60,
                     <!-- vmesh lib    --> data.ships.liberty.li_elite.li_elite.lod1-112.vms,
                     <!-- start vert   --> 1343,
                     <!-- num verts    --> 67,
                     <!-- start index  --> 2178,
                     <!-- num indices  --> 165,
                     <!-- start mesh   --> 14,
                     <!-- num meshes   --> 1,
                     <!-- bounding box -->  0.98413855,   0.99065536, -3.1741102,
                                           -0.98344249,  -0.73204899, -6.4769549,
                     <!-- center       -->  0.057812054,  0.20163544, -4.6912565,
                     <!-- radius       --> 1.8876393
                  </VMeshRef>
               </VMeshPart>
            </Level1>
            <Level2>
               <VMeshPart>
                  <VMeshRef type="VMeshRef">
                     <!-- header size  --> 60,
                     <!-- vmesh lib    --> data.ships.liberty.li_elite.li_elite.lod2-112.vms,
                     <!-- start vert   --> 449,
                     <!-- num verts    --> 21,
                     <!-- start index  --> 717,
                     <!-- num indices  --> 75,
                     <!-- start mesh   --> 7,
                     <!-- num meshes   --> 1,
                     <!-- bounding box -->  0.98413855,   0.99065536, -3.1741102,
                                           -0.98344249,  -0.73204899, -6.4769549,
                     <!-- center       -->  0.057812054,  0.20163544, -4.6912565,
                     <!-- radius       --> 1.8876393
                  </VMeshRef>
               </VMeshPart>
            </Level2>
            <Switch2 type="float array" count="4">
               0,
               100,
               1000,
               1000000
            </Switch2>
         </MultiLevel>
      </Li_glass_lod1021202161040.3db>
      <Li_port_wing_lod1021202161040.3db>
         <Hardpoints>
            <Fixed>
               <HpContrail02>
                  <Orientation type="Matrix">
                       0.8530979200,   0.3548652800,   0.3824847000,
                      -0.3838619900,   0.9233903300, -541.91425e-06,
                      -0.3533749900,  -0.1463590300,   0.9239616400
                  </Orientation>
                  <Position type="Vector">-4.488924, -0.3329258, 4.2902136</Position>
               </HpContrail02>
               <HpDocklight02>
                  <Orientation type="Matrix">
                      -0.2285349400,   0.3548653400,   0.9065552400,
                      -0.0661233290,   0.9233902700,  -0.3781244500,
                      -0.9712875500,  -0.1463591000,  -0.1875620600
                  </Orientation>
                  <Position type="Vector">-5.6058493, -0.33134347, 1.5920784</Position>
               </HpDocklight02>
            </Fixed>
            <Revolute>
               <HpWeapon04>
                  <Axis type="Vector">0, 1, 0</Axis>
                  <Max type="float">0.78538001</Max>
                  <Min type="float">-0.2618</Min>
                  <Orientation type="Matrix">
                       0.8530986300,   0.3548615900,   0.3824865500,
                      -0.3838617500,   0.9233904500, -532.94509e-06,
                      -0.3533735300,  -0.1463673000,   0.9239609200
                  </Orientation>
                  <Position type="Vector">-1.2921873, 0.38538006, 5.9307952</Position>
               </HpWeapon04>
            </Revolute>
         </Hardpoints>
         <VMeshWire include="li_elite_cmp\Li_port_wing_lod1.vwd.xml"/>
         <MultiLevel>
            <Level0>
               <VMeshPart>
                  <VMeshRef type="VMeshRef">
                     <!-- header size  --> 60,
                     <!-- vmesh lib    --> data.ships.liberty.li_elite.li_elite.lod0-112.vms,
                     <!-- start vert   --> 1923,
                     <!-- num verts    --> 123,
                     <!-- start index  --> 2910,
                     <!-- num indices  --> 198,
                     <!-- start mesh   --> 10,
                     <!-- num meshes   --> 2,
                     <!-- bounding box -->  1.6311697,  0.4815768,    6.4246702,
                                           -5.4321065, -0.52644444,  -0.16097231,
                     <!-- center       --> -1.5164596, -0.093830407,  3.377948,
                     <!-- radius       --> 4.3605022
                  </VMeshRef>
               </VMeshPart>
            </Level0>
            <Level1>
               <VMeshPart>
                  <VMeshRef type="VMeshRef">
                     <!-- header size  --> 60,
                     <!-- vmesh lib    --> data.ships.liberty.li_elite.li_elite.lod1-112.vms,
                     <!-- start vert   --> 981,
                     <!-- num verts    --> 76,
                     <!-- start index  --> 1668,
                     <!-- num indices  --> 126,
                     <!-- start mesh   --> 6,
                     <!-- num meshes   --> 3,
                     <!-- bounding box -->  1.6311697,  0.4815768,    6.4246702,
                                           -5.4321065, -0.52644444,  -0.16097231,
                     <!-- center       --> -1.5164596, -0.093830407,  3.377948,
                     <!-- radius       --> 4.3605022
                  </VMeshRef>
               </VMeshPart>
            </Level1>
            <Level2>
               <VMeshPart>
                  <VMeshRef type="VMeshRef">
